1056-14-inc_med-060711_0_.mat 145 179 222
1056-14-inc_med-060711_1_.mat 60 69 104
1056-14-inc_med-060711_2_.mat 144 158 205
1056-14-inc_med-070711_2_.mat 61 74 115
1056-14-inc_med-070711_4_.mat 99 110 153
1056-14-inc_med-080811_1_.mat 57 72 116
1056-14-inc_med-080811_2_.mat 82 89 131
1056-14-inc_med-080811_3_.mat 63 75 113
1056-14-inc_med-080811_5_.mat 56 63 101
1056-14-inc_med-080811_9_.mat 57 69 108
1056-14-inc_med-090811_1_.mat 56 67 104
1056-14-inc_med-090811_2_.mat 60 70 113
1056-14-inc_med-090811_3_.mat 70 80 118
1056-14-inc_med-090811_4_.mat 78 90 130
1056-14-inc_med-090811_5_.mat 52 NaN 102
1056-14-inc_med-130711_2_.mat 120 140 187
1056-14-inc_med-130711_5_.mat 43 53 87
1056-14-inc_med-130711_6_.mat 51 59 97
1056-14-inc_med-130711_7_.mat 36 45 79
1056-14-inc_med-130711_8_.mat 56 NaN 98
1056-14-inc_med-130711_9_.mat 43 57 93
1056-14-inc_med-140711_1_.mat 40 49 87
1056-14-inc_med-140711_3_.mat 54 75 134
1056-14-inc_med-150711_1_.mat 37 56 123
1056-14-inc_med-150711_4_.mat 41 57 93
1056-14-inc_med-150711_5_.mat 48 59 91
1056-14-inc_med-150711_8_.mat 116 127 173
1056-14-inc_med-190711_2_.mat 47 59 100
1056-14-inc_med-190711_3_.mat 53 58 103
1056-14-inc_med-230611_6_.mat 58 73 110
1056-14-inc_med-240611_0_.mat 57 69 123
1056-14-inc_med-240611_3_.mat 68 83 123
1056-14-inc_med-240611_4_.mat 53 NaN 97
1056-14-inc_med-240611_6_.mat 53 60 96
1056-14-inc_med-270611_0_.mat 40 53 94
1056-14-inc_med-270611_2_.mat 40 50 89
1056-14-inc_med-280611_1_.mat 54 66 105
1056-14-inc_med-280611_3_.mat 56 66 105
1056-14-inc_med-290611_0_.mat 42 58 101
1056-14-inc_med-290611_2_.mat 56 74 115
1056-14-inc_med-290611_3_.mat 58 73 111
1056-14-inc_med-290611_5_.mat 46 58 98
1056-14-inc_med-290611_6_.mat 32 42 78
1056-24-010411_2_.mat 66 80 115
1056-24-010411_3_.mat 38 49 84
1056-24-010411_6_.mat 37 48 83
1056-24-020311_3_.mat 36 52 86
1056-24-020311_4_.mat 27 40 72
1056-24-040311_1_.mat 28 49 82
1056-24-040311_4_.mat 34 41 73
1056-24-040511_2_.mat 39 47 84
1056-24-040511_5_.mat 38 52 85
1056-24-050511_0_.mat 27 39 71
1056-24-090311_10_.mat 51 64 101
1056-24-090311_11_.mat 40 46 78
1056-24-090311_3_.mat 69 78 142
1056-24-090311_6_.mat 92 107 155
1056-24-090311_7_.mat 64 82 128
1056-24-090311_9_.mat 170 195 249
1056-24-090811_1_.mat 60 68 107
1056-24-100811_0_.mat 93 109 153
1056-24-100811_1_.mat 50 63 99
1056-24-100811_2_.mat 33 NaN 85
1056-24-110311_3_.mat 36 55 92
1056-24-110511_1_.mat 49 62 98
1056-24-110511_2_.mat 43 51 85
1056-24-110511_3_.mat 44 53 89
1056-24-130411_0_.mat 46 NaN 90
1056-24-130411_2_.mat 54 66 105
1056-24-160211_0_.mat 50 68 111
1056-24-160211_10_.mat 72 89 132
1056-24-160211_2_.mat 26 39 71
1056-24-160211_3_.mat 41 53 89
1056-24-160211_6_.mat 32 46 80
1056-24-160211_7_.mat 33 47 78
1056-24-160211_9_.mat 49 60 109
1056-24-180211_5_.mat 38 52 92
1056-24-180211_7_.mat 21 36 70
1056-24-180511_1_.mat 41 NaN 82
1056-24-250511_0_.mat 40 51 83
1056-24-250511_13_.mat 33 35 87
1056-24-250511_14_.mat 44 55 95
1056-24-250511_1_.mat 46 56 93
1056-24-250511_3_.mat 35 44 78
1056-24-250511_5_.mat 28 37 74
1056-24-300311_10_.mat 27 41 75
1056-24-300311_11_.mat 28 38 71
1056-24-300311_2_.mat 50 58 97
1056-24-300311_5_.mat 24 45 89
1056-24-300311_6_.mat 40 47 81
1056-24-300311_7_.mat 22 NaN 70
1056-14-inc_med-070711_3_.mat 39 53 97
1056-14-inc_med-120711_1_.mat 56 78 115
1056-14-inc_med-190711_4_.mat 32 54 95
1056-14-inc_med-240611_1_.mat 41 57 98
1056-24-090311_0_.mat 46 68 104
1056-24-090311_8_.mat 24 34 65
1056-24-160211_8_.mat 40 53 98
1056-24-300311_12_.mat 29 43 79
1056-3-inc_med-290513_7_.mat 46 65 124
1056-3-inc_med-030613_0_.mat 56 72 129
1056-3-inc_med-030613_1_.mat 67 78 135
1056-3-inc_med-030613_2_.mat 50 70 112
1056-3-inc_med-030613_3_.mat 77 91 144
1056-3-inc_med-030613_4_.mat 66 92 143
1056-3-inc_med-030613_5_.mat 57 74 130
1056-3-inc_med-030613_6_.mat 35 53 105
1056-3-inc_med-030613_7_.mat 80 90 153
1056-3-inc_med-260613_6_.mat 20 NaN 103
1056-3-inc_med-260613_8_.mat 107 133 215
1056-3-inc_med-260613_11_.mat 77 116 189
1056-3-inc_med-260613_13_.mat 60 82 141
1056-ani2-010612_0_.mat 63 76 123
1056-ani2-020512_10_.mat 39 64 99
1056-ani2-020512_11_.mat 24 44 78
1056-ani2-020512_12_.mat 29 36 72
1056-ani2-020512_13_.mat 47 57 100
1056-ani2-020512_14_.mat 21 NaN 78
1056-ani2-020512_6_.mat 22 40 76
1056-ani2-020512_9_.mat 28 54 95
1056-ani2-040712_0_.mat 35 56 98
1056-ani2-160412_1_.mat 39 63 105
1056-ani2-160412_2_.mat 36 45 81
1056-ani2-160412_3_.mat 40 60 93
1056-ani2-160412_4_.mat 42 61 97
1056-ani2-190412_4_.mat 45 57 98
1056-ani2-190412_5_.mat 25 36 78
1056-ani2-190412_7_.mat 28 47 82
1056-ani2-190412_9_.mat 26 48 81
1056-ani2-210512_3_.mat 71 96 145
1056-ani2-210512_6_.mat 83 NaN 174
1056-ani2-210512_7_.mat 37 68 167
1056-ani2-210512_8_.mat 47 NaN 86
1056-ani2-250412_0_.mat 33 48 97
1056-ani2-250412_2_.mat 33 45 74
1056-ani2-250412_5_.mat 31 NaN 76
1056-ani2-250412_6_.mat 17 26 87
1056-ani2-250612_0_.mat 61 66 120
1056-ani2-250612_1_.mat 43 NaN 89
1056-ani2-250612_3_.mat 22 26 91
1056-ani2-250612_6_.mat 36 44 82
1056-ani2-270612_0_.mat 45 63 109
1056-ani2-290612_1_.mat 76 81 140
1056-ani2-290612_2_.mat 36 NaN 84
1056-ani2-290612_3_.mat 21 NaN 82
1056-c27d91-020712_1_.mat 46 58 93
1056-c27d91-020712_6_.mat 50 63 93
1056-c27d91-040712_1_.mat 35 54 89
1056-c27d91-040712_2_.mat 46 53 86
1056-c27d91-040712_3_.mat 50 66 91
1056-c27d91-040712_6_.mat 36 55 85
1056-c27d91-130712_0_.mat NaN 110 188
1056-c27d91-130712_1_.mat 44 61 93
1056-c27d91-261012_0_.mat NaN 77 134
1056-c27d91-310712_1_.mat 66 80 118
1056-c27d91-310712_4_.mat 29 41 72
1056-c27d91-310712_5_.mat 42 61 95
1056-par5-060712_1_.mat 78 86 133
1056-par5-120412_5_.mat 43 63 84
1056-par5-120412_6_.mat 33 45 86
1056-par5-200412_10_.mat 31 42 77
1056-par5-200412_11_.mat 35 52 89
1056-par5-200412_1_.mat 32 43 81
1056-par5-200412_4_.mat 29 46 73
1056-par5-200412_6_.mat 38 52 87
1056-par5-200412_7_.mat 39 59 95
1056-par5-200412_8_.mat 43 64 99
1056-par5-200412_9_.mat 36 44 70
1056-par5-240512_0_.mat 44 74 129
1056-par5-240512_2_.mat 45 NaN 87
1056-par5-240512_3_.mat 30 52 85
1056-par5-240512_11_.mat 30 35 72
1056-par5-250512_2_.mat 57 72 90
1056-par5-250512_3_.mat 31 NaN 82
1056-par5-250512_4_.mat 47 53 84
1056-par5-250512_5_.mat 44 60 99
1056-par5-260412_0_.mat 34 50 81
1056-par5-260412_10_.mat 46 57 94
1056-par5-260412_5_.mat 37 NaN 86
1056-par5-260412_7_.mat 64 74 113
1056-par5-260412_8_.mat 32 45 75
1056-par5-260412_9_.mat 42 53 87
749-031012_5_.mat 576 741 NaN
749-091012_3_.mat 600 720 NaN
749-091012_5_.mat 361 456 NaN
749-251012_3_.mat 320 557 NaN
749-251012_5_.mat 345 456 NaN
749-251012_6_.mat 586 791 NaN
